Catalyst
597126627039.7845
257
1612811502.7553465
806728
16928.444444444445
13
59874
1674
11
243.2
2424
8
16754583448.94683
665779.0
30.400000000000162
300
203.2
5040
20
4062718343.3379474
312452.0
25.40000000000009
250
203.2
50400
200
20313591716.68978
312452.0
25.40000000000009
250
203.2
100800
400
40627183433.37956
312452.0
25.40000000000009
250
203.2
201600
800
81254366866.75912
312452.0
25.40000000000009
250
203.2
504000
2000
162508733733.51825
312452.0
25.40000000000009
250
191.2
948000
4000
147251609247.08417
150946.0
23.90000000000007
235
175.2
1736000
8000
190263070121.8443
144181.0
21.90000000000004
215
171.2
4240000
20000
271309878926.0141
142583.5
21.400000000000034
210
